0 
0 
0 
0 
0 
0 
0 
0 
0 
0 
0 
0 
0 
0 
0 
0 
0 
0 
0 
0 
0 
0 
0 
0 
0 
0 
0 
0 
0 
0 
0 
0 
0 
0 
0 
0 
0 
2 
3 
0 
0 
0 
0 
0 
0 
0 
0 
0 
0 
0 
0 
0 
0 
0 
0 
0 
0 
0 
0 
0 
0 
0 
0 
0 
0 
0 
0 
0 
0 
0 
0 
0 
0 
0 
0 
-510 
-2415 
131 
1035 
-550 
196 
695 
-2011 
3830 
-1296 
109 
1769 
1399 
2564 
3594 
3292 
-3898 
991 
-3873 
-3650 
1200 
2480 
-1549 
-2428 
1693 
3301 
-835 
1840 
3136 
1949 
-2239 
-2115 
9 
-2391 
-3887 
-105 
514 
0 
0 
0 
0 
0 
0 
0 
0 
0 
0 
0 
0 
0 
0 
0 
0 
0 
0 
0 
0 
0 
0 
0 
0 
0 
0 
0 
0 
0 
0 
0 
0 
0 
0 
0 
0 
0 
