0 
0 
0 
0 
0 
0 
0 
0 
0 
0 
0 
0 
0 
0 
0 
0 
0 
0 
0 
0 
0 
0 
0 
0 
0 
0 
0 
0 
0 
0 
0 
0 
0 
0 
0 
0 
0 
2 
3 
0 
0 
0 
0 
0 
0 
0 
0 
0 
0 
0 
0 
0 
0 
0 
0 
0 
0 
0 
0 
0 
0 
0 
0 
0 
0 
0 
0 
0 
0 
0 
0 
0 
0 
0 
0 
-241 
2603 
-115 
-619 
-59 
3725 
547 
201 
241 
-3627 
-3370 
-3553 
-4018 
-1740 
-1891 
2940 
-1258 
2160 
1985 
3225 
-765 
-1844 
-3894 
-3403 
2298 
-2593 
1237 
-82 
-3369 
276 
-3401 
-3178 
3307 
-2684 
2982 
1220 
1756 
0 
0 
0 
0 
0 
0 
0 
0 
0 
0 
0 
0 
0 
0 
0 
0 
0 
0 
0 
0 
0 
0 
0 
0 
0 
0 
0 
0 
0 
0 
0 
0 
0 
0 
0 
0 
0 
