0 
0 
0 
0 
0 
0 
0 
0 
0 
0 
0 
0 
0 
0 
0 
0 
0 
0 
0 
0 
0 
0 
0 
0 
0 
0 
0 
0 
0 
0 
0 
0 
0 
0 
0 
0 
0 
2 
3 
0 
0 
0 
0 
0 
0 
0 
0 
0 
0 
0 
0 
0 
0 
0 
0 
0 
0 
0 
0 
0 
0 
0 
0 
0 
0 
0 
0 
0 
0 
0 
0 
0 
0 
0 
0 
-812 
920 
66 
-1317 
-1889 
-154 
-315 
1794 
-177 
1435 
-1312 
-1474 
-243 
618 
-412 
1866 
860 
-73 
660 
-1900 
983 
-163 
-1673 
1772 
1547 
-433 
-766 
-248 
1477 
-1695 
-2026 
-1064 
1269 
-1437 
429 
809 
1984 
0 
0 
0 
0 
0 
0 
0 
0 
0 
0 
0 
0 
0 
0 
0 
0 
0 
0 
0 
0 
0 
0 
0 
0 
0 
0 
0 
0 
0 
0 
0 
0 
0 
0 
0 
0 
0 
