0 
0 
0 
0 
0 
0 
0 
0 
0 
0 
0 
0 
0 
0 
0 
0 
0 
0 
0 
0 
0 
0 
0 
0 
0 
0 
0 
0 
0 
0 
0 
0 
0 
0 
0 
0 
0 
2 
3 
0 
0 
0 
0 
0 
0 
0 
0 
0 
0 
0 
0 
0 
0 
0 
0 
0 
0 
0 
0 
0 
0 
0 
0 
0 
0 
0 
0 
0 
0 
0 
0 
0 
0 
0 
0 
1585 
-1643 
-1733 
856 
-747 
1029 
1785 
-1531 
1310 
-1270 
2025 
-264 
-687 
1953 
-1249 
-498 
1269 
-1875 
-178 
1666 
-1568 
448 
1887 
505 
-1035 
-1776 
-855 
-1763 
2021 
1064 
301 
683 
1163 
1544 
1743 
-2036 
-10 
0 
0 
0 
0 
0 
0 
0 
0 
0 
0 
0 
0 
0 
0 
0 
0 
0 
0 
0 
0 
0 
0 
0 
0 
0 
0 
0 
0 
0 
0 
0 
0 
0 
0 
0 
0 
0 
