0 
0 
0 
0 
0 
0 
0 
0 
0 
0 
0 
0 
0 
0 
0 
0 
0 
0 
0 
0 
0 
0 
0 
0 
0 
0 
0 
0 
0 
0 
0 
0 
0 
0 
0 
0 
0 
2 
3 
0 
0 
0 
0 
0 
0 
0 
0 
0 
0 
0 
0 
0 
0 
0 
0 
0 
0 
0 
0 
0 
0 
0 
0 
0 
0 
0 
0 
0 
0 
0 
0 
0 
0 
0 
0 
1879 
658 
3912 
-3436 
1324 
2172 
501 
-3864 
1210 
2940 
-1103 
-1671 
2241 
-3480 
54 
2804 
739 
2981 
835 
262 
-613 
-1138 
-3776 
4021 
-2939 
2525 
-3617 
2094 
-577 
-4045 
209 
2818 
-1981 
-2026 
303 
-176 
-2762 
0 
0 
0 
0 
0 
0 
0 
0 
0 
0 
0 
0 
0 
0 
0 
0 
0 
0 
0 
0 
0 
0 
0 
0 
0 
0 
0 
0 
0 
0 
0 
0 
0 
0 
0 
0 
0 
