0 
0 
0 
0 
0 
0 
0 
0 
0 
0 
0 
0 
0 
0 
0 
0 
0 
0 
0 
0 
0 
0 
0 
0 
0 
0 
0 
0 
0 
0 
0 
0 
0 
0 
0 
0 
0 
0 
0 
0 
0 
0 
0 
0 
0 
0 
0 
0 
0 
0 
0 
0 
0 
0 
0 
0 
0 
0 
0 
0 
0 
0 
0 
0 
0 
0 
0 
0 
0 
0 
0 
2 
3 
0 
0 
0 
0 
0 
0 
0 
0 
0 
0 
0 
0 
0 
0 
0 
0 
0 
0 
0 
0 
0 
0 
0 
0 
0 
0 
0 
0 
0 
0 
0 
0 
0 
0 
0 
0 
0 
0 
0 
0 
0 
0 
0 
0 
0 
0 
0 
0 
0 
0 
0 
0 
0 
0 
0 
0 
0 
0 
0 
0 
0 
0 
0 
0 
0 
0 
0 
0 
0 
0 
2269 
-2604 
202 
-984 
-350 
-2915 
3501 
3250 
-1304 
-1171 
786 
-2861 
2031 
2646 
-2928 
-1146 
-811 
-1366 
2532 
-1413 
-1478 
-1660 
-261 
-2293 
-3984 
3729 
1847 
-3564 
1078 
2186 
-1747 
-1193 
-1021 
4052 
4069 
-92 
2782 
-2850 
-3834 
-3203 
-1721 
-2564 
2189 
-2668 
-2646 
3084 
-2724 
-4050 
1021 
-3979 
-390 
3441 
-3410 
2484 
1094 
-1621 
-1483 
2081 
233 
-1858 
-65 
-2745 
1836 
2239 
1900 
1156 
1413 
-228 
-2327 
-3888 
249 
0 
0 
0 
0 
0 
0 
0 
0 
0 
0 
0 
0 
0 
0 
0 
0 
0 
0 
0 
0 
0 
0 
0 
0 
0 
0 
0 
0 
0 
0 
0 
0 
0 
0 
0 
0 
0 
0 
0 
0 
0 
0 
0 
0 
0 
0 
0 
0 
0 
0 
0 
0 
0 
0 
0 
0 
0 
0 
0 
0 
0 
0 
0 
0 
0 
0 
0 
0 
0 
0 
0 
