0 
0 
0 
0 
0 
0 
0 
0 
0 
0 
0 
0 
0 
0 
0 
0 
0 
0 
0 
0 
0 
0 
0 
0 
0 
0 
0 
0 
0 
0 
0 
0 
0 
0 
0 
0 
0 
2 
3 
0 
0 
0 
0 
0 
0 
0 
0 
0 
0 
0 
0 
0 
0 
0 
0 
0 
0 
0 
0 
0 
0 
0 
0 
0 
0 
0 
0 
0 
0 
0 
0 
0 
0 
0 
0 
-1299 
243 
-3478 
-1218 
1689 
973 
-2659 
110 
432 
2033 
2488 
1668 
3390 
1471 
-1361 
-3505 
-731 
3960 
-1054 
-3591 
-2975 
-1662 
821 
962 
-3367 
322 
-3904 
-2752 
-1186 
-475 
2297 
-453 
-4013 
-1065 
-1221 
-510 
-2347 
0 
0 
0 
0 
0 
0 
0 
0 
0 
0 
0 
0 
0 
0 
0 
0 
0 
0 
0 
0 
0 
0 
0 
0 
0 
0 
0 
0 
0 
0 
0 
0 
0 
0 
0 
0 
0 
