0 0 
0 1 
0 2 
0 0 
0 1 
0 2 
0 1 
0 2 
0 0 
0 2 
0 2 
0 1 
0 1 
0 0 
0 0 
0 0 
0 1 
0 0 
0 1 
0 1 
0 2 
0 2 
0 0 
0 2 
0 0 
0 2 
0 0 
0 1 
0 2 
0 0 
0 1 
0 0 
0 0 
0 1 
0 1 
0 1 
0 0 
2 0 
3 0 
0 2 
0 1 
0 0 
0 0 
0 2 
0 1 
0 0 
0 0 
0 1 
0 0 
0 1 
0 2 
0 0 
0 1 
0 2 
0 2 
0 2 
0 1 
0 2 
0 1 
0 2 
0 0 
0 0 
0 2 
0 2 
0 0 
0 2 
0 1 
0 1 
0 0 
0 0 
0 1 
0 2 
0 2 
0 0 
0 2 
-2446 0 
2651 2 
3496 0 
-2319 0 
-372 0 
1209 1 
3906 1 
295 2 
-962 0 
2792 2 
-1129 2 
756 2 
3025 0 
3568 0 
-4057 0 
2089 1 
-1432 2 
-1674 2 
-3025 2 
-222 1 
273 0 
-3014 1 
-2985 2 
-1482 1 
-160 0 
930 1 
1985 0 
-1674 0 
221 2 
4091 1 
-471 0 
2763 2 
1558 2 
-363 0 
833 2 
3879 1 
-1906 1 
0 2 
0 2 
0 1 
0 0 
0 1 
0 1 
0 1 
0 0 
0 2 
0 0 
0 2 
0 1 
0 2 
0 2 
0 2 
0 0 
0 1 
0 2 
0 2 
0 1 
0 1 
0 0 
0 2 
0 1 
0 2 
0 1 
0 0 
0 2 
0 2 
0 2 
0 1 
0 1 
0 1 
0 2 
0 0 
0 2 
0 0 
